[DASH_CAM]
POS=0.00180054,0.651203,0.128993
EXP=35
